"DataMessageGUID","SensorID","Sensor Name","Date","Value","Formatted Value","Battery","Raw Data","Sensor State","GatewayID","Alert Sent","Signal Strength","Voltage"
"407e529e-0402-44c0-a055-8565b5ec72b7","316573","Birk - A9 (TANK 2)","10/14/2019 11:36 PM","13.9","13.9° C","100","13.9","0","900142","False","81","3.67"
"a1be8b4f-b79b-4d64-90b1-be4e60208578","316573","Birk - A9 (TANK 2)","10/14/2019 11:06 PM","13.9","13.9° C","100","13.9","0","900142","False","81","3.68"
"c001181d-8bc1-408c-9e92-70d85d5df665","316573","Birk - A9 (TANK 2)","10/14/2019 10:37 PM","14","14° C","100","14","0","900142","False","81","3.69"
"64490e4d-76cb-474c-92a8-f4bff3d7a4eb","316573","Birk - A9 (TANK 2)","10/14/2019 10:07 PM","14","14° C","100","14","0","900142","False","81","3.69"
"04e1a42f-f915-4429-9b29-5a2032e7b670","316573","Birk - A9 (TANK 2)","10/14/2019 9:37 PM","13.9","13.9° C","100","13.9","0","900142","False","86","3.69"
"6225402f-26c6-4dab-9fd7-efcbd3c0baaf","316573","Birk - A9 (TANK 2)","10/14/2019 9:07 PM","13.9","13.9° C","100","13.9","0","900142","False","84","3.67"
"128f9a8e-6c1a-476a-821d-68d54e9adb90","316573","Birk - A9 (TANK 2)","10/14/2019 8:38 PM","13.9","13.9° C","100","13.9","0","900142","False","94","3.68"
"41b4998a-9ac4-48b9-82ec-dd232870fdad","316573","Birk - A9 (TANK 2)","10/14/2019 8:08 PM","14","14° C","100","14","0","900142","False","89","3.68"
"90f56794-4a38-48da-aad0-0882804bbe23","316573","Birk - A9 (TANK 2)","10/14/2019 7:38 PM","14","14° C","100","14","0","900142","False","94","3.68"
"3463c6ae-0679-4326-a0c2-2b023469d970","316573","Birk - A9 (TANK 2)","10/14/2019 7:08 PM","14","14° C","100","14","0","900142","False","85","3.67"
"f3390564-d8df-46d8-9120-c77c86e755c4","316573","Birk - A9 (TANK 2)","10/14/2019 6:38 PM","14","14° C","100","14","0","900142","False","92","3.68"
"30ebe0fd-ff61-4430-b5df-779de3c006cc","316573","Birk - A9 (TANK 2)","10/14/2019 6:09 PM","14","14° C","100","14","0","900142","False","94","3.67"
"db904a06-dfc7-4565-9af4-805ea8b6ccbc","316573","Birk - A9 (TANK 2)","10/14/2019 5:39 PM","14","14° C","100","14","0","900142","False","84","3.67"
"4e3b011d-e31a-4ce8-b4cc-bdbe65f3174f","316573","Birk - A9 (TANK 2)","10/14/2019 5:09 PM","14","14° C","100","14","0","900142","False","86","3.67"
"9b9ac603-7ae0-401a-8720-8c5be67efbdb","316573","Birk - A9 (TANK 2)","10/14/2019 4:39 PM","14","14° C","100","14","0","900142","False","100","3.67"
"aecb87c6-bb49-43b8-b326-01bf3efbba75","316573","Birk - A9 (TANK 2)","10/14/2019 4:10 PM","14","14° C","100","14","0","900142","False","100","3.67"
"2a35bb1b-520b-461f-b056-ec01e1e5ef82","316573","Birk - A9 (TANK 2)","10/14/2019 3:40 PM","14","14° C","100","14","0","900142","False","100","3.66"
"66e5bf7d-5bae-4de3-9586-99b8cb63cc98","316573","Birk - A9 (TANK 2)","10/14/2019 3:10 PM","14","14° C","100","14","0","900142","False","96","3.68"
"e22e0ce0-e266-4b22-9009-cc90fd0b9590","316573","Birk - A9 (TANK 2)","10/14/2019 2:40 PM","14","14° C","100","14","0","900142","False","89","3.68"
"3c038359-017b-49bd-97b1-617ec49cb2d9","316573","Birk - A9 (TANK 2)","10/14/2019 2:11 PM","14.1","14.1° C","100","14.1","0","900142","False","93","3.67"
"f0b09740-bcdb-4d5c-97a8-0e576b7aeea3","316573","Birk - A9 (TANK 2)","10/14/2019 1:41 PM","14","14° C","100","14","0","900142","False","100","3.69"
"27ec7361-8030-4235-b368-e28998f92c5b","316573","Birk - A9 (TANK 2)","10/14/2019 1:11 PM","14","14° C","100","14","0","900142","False","82","3.67"
"75b66ae1-b6d9-40ff-8efd-4c7aab751f3a","316573","Birk - A9 (TANK 2)","10/14/2019 12:41 PM","14","14° C","100","14","0","900142","False","82","3.68"
"e734e724-9585-44a5-8949-8ac253c66b6e","316573","Birk - A9 (TANK 2)","10/14/2019 12:12 PM","14","14° C","100","14","0","900142","False","92","3.68"
"02759c5c-9474-4a03-80b8-8deac45ea753","316573","Birk - A9 (TANK 2)","10/14/2019 11:42 AM","14","14° C","100","14","0","900142","False","86","3.67"
"5f4d501d-04cc-43f1-a6ee-bd6102fbdfa5","316573","Birk - A9 (TANK 2)","10/14/2019 11:12 AM","14","14° C","100","14","0","900142","False","92","3.69"
"da92584d-5875-496d-9cd2-daf4d5c3cd77","316573","Birk - A9 (TANK 2)","10/14/2019 10:42 AM","13.9","13.9° C","100","13.9","0","900142","False","94","3.69"
"834767ee-f93f-4106-947d-78af4432d13f","316573","Birk - A9 (TANK 2)","10/14/2019 10:12 AM","14","14° C","100","14","0","900142","False","98","3.67"
"32c21024-4c49-4063-8e51-72d541342885","316573","Birk - A9 (TANK 2)","10/14/2019 9:43 AM","13.9","13.9° C","100","13.9","0","900142","False","98","3.69"
"fab0628b-3d1f-43c5-8310-96668f153bb7","316573","Birk - A9 (TANK 2)","10/14/2019 9:13 AM","14","14° C","100","14","0","900142","False","94","3.69"
"81c220e8-dd63-457c-9b6e-f45b6bed933c","316573","Birk - A9 (TANK 2)","10/14/2019 8:43 AM","13.9","13.9° C","100","13.9","0","900142","False","82","3.67"
"d5c9b5f2-7e72-44d5-9724-5a844712771f","316573","Birk - A9 (TANK 2)","10/14/2019 8:13 AM","13.9","13.9° C","100","13.9","0","900142","False","94","3.69"
"06c7a398-6c0e-4af4-bc6f-6bfa682621ba","316573","Birk - A9 (TANK 2)","10/14/2019 7:44 AM","13.9","13.9° C","100","13.9","0","900142","False","82","3.67"
"52d8395c-3f2b-4520-901c-28fb8ac3f23f","316573","Birk - A9 (TANK 2)","10/14/2019 7:14 AM","13.9","13.9° C","100","13.9","0","900142","False","92","3.68"
"6f043f64-47c0-41f9-a753-5e9c2b5a6683","316573","Birk - A9 (TANK 2)","10/14/2019 6:44 AM","13.9","13.9° C","100","13.9","0","900142","False","88","3.7"
"161ddefd-53e4-4276-8707-bdd8d8971cc7","316573","Birk - A9 (TANK 2)","10/14/2019 6:14 AM","13.9","13.9° C","100","13.9","0","900142","False","97","3.68"
"dd57daba-698a-473d-b7de-9aefd79d1ac0","316573","Birk - A9 (TANK 2)","10/14/2019 5:45 AM","13.9","13.9° C","100","13.9","0","900142","False","97","3.69"
"42c8a2c8-4c1f-4336-b043-c9e5e5d48c26","316573","Birk - A9 (TANK 2)","10/14/2019 5:15 AM","13.9","13.9° C","100","13.9","0","900142","False","97","3.67"
"933484f5-cfda-4c9e-b7a9-49d44ae2509a","316573","Birk - A9 (TANK 2)","10/14/2019 4:45 AM","13.9","13.9° C","100","13.9","0","900142","False","97","3.68"
"7129f71d-289b-4653-b809-777bee00483d","316573","Birk - A9 (TANK 2)","10/14/2019 4:15 AM","13.9","13.9° C","100","13.9","0","900142","False","96","3.68"
"711c531e-56e2-4e10-9364-1a01fa785eeb","316573","Birk - A9 (TANK 2)","10/14/2019 3:46 AM","13.9","13.9° C","100","13.9","0","900142","False","88","3.67"
"278c1bf3-ed4a-4c4b-96a1-d3a7d7316251","316573","Birk - A9 (TANK 2)","10/14/2019 3:16 AM","13.9","13.9° C","100","13.9","0","900142","False","93","3.69"
"a108bc23-c0fb-4cc7-9da7-82ae26760111","316573","Birk - A9 (TANK 2)","10/14/2019 2:46 AM","13.9","13.9° C","100","13.9","0","900142","False","81","3.68"
"4bb02c66-a412-4b60-b2b1-8571a93985a6","316573","Birk - A9 (TANK 2)","10/14/2019 2:16 AM","13.9","13.9° C","100","13.9","0","900142","False","94","3.68"
"caa2b30b-a25c-4d27-a3dd-e228e46af91f","316573","Birk - A9 (TANK 2)","10/14/2019 1:46 AM","13.9","13.9° C","100","13.9","0","900142","False","82","3.67"
"5bf9a922-2d2b-4815-a8e5-eb7f3eb49d88","316573","Birk - A9 (TANK 2)","10/14/2019 1:17 AM","13.9","13.9° C","100","13.9","0","900142","False","96","3.68"
"e03b57ad-401c-415f-b13f-85d0aff710ba","316573","Birk - A9 (TANK 2)","10/14/2019 12:47 AM","13.9","13.9° C","100","13.9","0","900142","False","89","3.67"
"9b4c7605-73dd-4f0b-ba76-dbc35029d657","316573","Birk - A9 (TANK 2)","10/14/2019 12:17 AM","13.9","13.9° C","100","13.9","0","900142","False","81","3.68"
"f30bf8d7-f0c5-4741-9b65-79146c43e433","316573","Birk - A9 (TANK 2)","10/13/2019 11:47 PM","13.9","13.9° C","100","13.9","0","900142","False","94","3.67"
"2b768a05-db87-4595-b56c-c78ae5000504","316573","Birk - A9 (TANK 2)","10/13/2019 11:18 PM","13.9","13.9° C","100","13.9","0","900142","False","93","3.69"
"dca3154a-3d2f-4508-a998-e2625c1fef3e","316573","Birk - A9 (TANK 2)","10/13/2019 10:48 PM","13.9","13.9° C","100","13.9","0","900142","False","81","3.66"
"b21dd491-ed04-462b-b5d5-4ebc8c3d5bf9","316573","Birk - A9 (TANK 2)","10/13/2019 10:18 PM","13.9","13.9° C","100","13.9","0","900142","False","81","3.68"
"f87d59fb-7bbc-4788-bcf7-b80199a38f62","316573","Birk - A9 (TANK 2)","10/13/2019 9:48 PM","13.9","13.9° C","100","13.9","0","900142","False","84","3.68"
"5a5833e6-b1db-4b06-bfb7-8f58bd3871e9","316573","Birk - A9 (TANK 2)","10/13/2019 9:19 PM","14","14° C","100","14","0","900142","False","81","3.67"
"48ae42f1-7364-4eeb-ae5e-e92f2109e49e","316573","Birk - A9 (TANK 2)","10/13/2019 8:49 PM","13.9","13.9° C","100","13.9","0","900142","False","81","3.68"
"b2729c3e-6f49-483b-942c-cfb2e523902d","316573","Birk - A9 (TANK 2)","10/13/2019 8:19 PM","13.9","13.9° C","100","13.9","0","900142","False","84","3.65"
"051a3b39-ab55-4076-954a-1fcfc4371e3c","316573","Birk - A9 (TANK 2)","10/13/2019 7:49 PM","13.9","13.9° C","100","13.9","0","900142","False","98","3.69"
"d1fbbcc1-3852-459e-be34-81bb84e084b3","316573","Birk - A9 (TANK 2)","10/13/2019 7:19 PM","13.9","13.9° C","100","13.9","0","900142","False","97","3.68"
"032f73d8-e39b-4495-ac93-49cbd4a3ed6a","316573","Birk - A9 (TANK 2)","10/13/2019 6:50 PM","14","14° C","100","14","0","900142","False","100","3.67"
"ab27d120-b1c4-4cfd-b82f-a3b585096c48","316573","Birk - A9 (TANK 2)","10/13/2019 6:20 PM","13.9","13.9° C","100","13.9","0","900142","False","96","3.69"
"8d182d8b-3275-4574-9e48-f2047039e66a","316573","Birk - A9 (TANK 2)","10/13/2019 5:50 PM","14","14° C","100","14","0","900142","False","86","3.67"
"ba964230-97b4-4786-90fe-ca47d93046b0","316573","Birk - A9 (TANK 2)","10/13/2019 5:20 PM","14","14° C","100","14","0","900142","False","94","3.69"
"2b2d275a-5290-4411-8519-6d90746420b6","316573","Birk - A9 (TANK 2)","10/13/2019 4:51 PM","13.9","13.9° C","100","13.9","0","900142","False","85","3.69"
"d315c65e-6d00-46d2-b2f4-4ad663af7e17","316573","Birk - A9 (TANK 2)","10/13/2019 4:21 PM","14","14° C","100","14","0","900142","False","94","3.68"
"6ba34276-2722-4f78-afc6-41b0835df7f4","316573","Birk - A9 (TANK 2)","10/13/2019 3:51 PM","14","14° C","100","14","0","900142","False","92","3.68"
"84529add-af2a-4d55-b569-905c756039da","316573","Birk - A9 (TANK 2)","10/13/2019 3:21 PM","13.9","13.9° C","100","13.9","0","900142","False","90","3.69"
"2fd86dac-4199-4591-bd21-1ed471603742","316573","Birk - A9 (TANK 2)","10/13/2019 2:51 PM","14.1","14.1° C","100","14.1","0","900142","False","81","3.67"
"16dc0fe1-5388-4105-b22b-44749833909a","316573","Birk - A9 (TANK 2)","10/13/2019 2:22 PM","14","14° C","100","14","0","900142","False","90","3.67"
"042bea0a-6d5c-4bd2-a1c0-4d385821d38b","316573","Birk - A9 (TANK 2)","10/13/2019 1:52 PM","14","14° C","100","14","0","900142","False","96","3.69"
"c022de56-f42f-433f-9060-608fa64e5024","316573","Birk - A9 (TANK 2)","10/13/2019 1:22 PM","14","14° C","100","14","0","900142","False","90","3.68"
"4662ef8e-cf46-4849-b8c0-c241cedcd8eb","316573","Birk - A9 (TANK 2)","10/13/2019 12:52 PM","14","14° C","100","14","0","900142","False","84","3.68"
"5c8d8060-b4c4-4159-bca1-6d936f7d286c","316573","Birk - A9 (TANK 2)","10/13/2019 12:22 PM","14","14° C","100","14","0","900142","False","94","3.66"
"410b2651-f7c1-43b6-921d-956f2e37d155","316573","Birk - A9 (TANK 2)","10/13/2019 11:53 AM","14","14° C","100","14","0","900142","False","97","3.67"
"f980df4d-07bc-4600-a9c5-c8817131c94f","316573","Birk - A9 (TANK 2)","10/13/2019 11:23 AM","14.1","14.1° C","100","14.1","0","900142","False","90","3.69"
"505ac9a9-1746-4645-88a5-9c2b7d302c4d","316573","Birk - A9 (TANK 2)","10/13/2019 10:53 AM","14.2","14.2° C","100","14.2","0","900142","False","82","3.68"
"81bf76fb-4a8f-4300-9e3e-8c339574091a","316573","Birk - A9 (TANK 2)","10/13/2019 10:23 AM","14.2","14.2° C","100","14.2","0","900142","False","82","3.69"
"8a522c60-1b27-462f-abd0-83c23ee24b68","316573","Birk - A9 (TANK 2)","10/13/2019 9:54 AM","14.3","14.3° C","100","14.3","0","900142","False","84","3.68"
"87a436b6-0f4c-4eed-9133-74cd73a0a5af","316573","Birk - A9 (TANK 2)","10/13/2019 9:24 AM","14.5","14.5° C","100","14.5","0","900142","False","81","3.68"
"07201732-95bb-433c-bbac-fef237839d0b","316573","Birk - A9 (TANK 2)","10/13/2019 8:54 AM","14.3","14.3° C","100","14.3","0","900142","False","81","3.68"
"471ec4b9-0689-4b65-9120-1c775c659d8e","316573","Birk - A9 (TANK 2)","10/13/2019 8:24 AM","14.4","14.4° C","100","14.4","0","900142","False","81","3.68"
"d0e5ce29-a289-44ba-9c22-8e5116f7ef02","316573","Birk - A9 (TANK 2)","10/13/2019 7:54 AM","14.3","14.3° C","100","14.3","0","900142","False","80","3.69"
"8f29dda8-4926-4d80-b720-4488ef56bb6e","316573","Birk - A9 (TANK 2)","10/13/2019 7:25 AM","14.4","14.4° C","100","14.4","0","900142","False","89","3.68"
"a3f35b3a-c3c7-4669-9d95-36d186373cdb","316573","Birk - A9 (TANK 2)","10/13/2019 6:55 AM","14.3","14.3° C","100","14.3","0","900142","False","80","3.68"
"a6077b2b-bcd0-4e89-a663-aebb4320eb92","316573","Birk - A9 (TANK 2)","10/13/2019 6:25 AM","14.4","14.4° C","100","14.4","0","900142","False","85","3.67"
"eb80656c-7980-442c-b91a-a57a3d52c9d5","316573","Birk - A9 (TANK 2)","10/13/2019 5:55 AM","14.2","14.2° C","100","14.2","0","900142","False","80","3.67"
"2f9e3d09-be73-46d7-9d60-e26ae0fd7b06","316573","Birk - A9 (TANK 2)","10/13/2019 5:25 AM","14.4","14.4° C","100","14.4","0","900142","False","80","3.68"
"42886e10-d6d3-4e21-b0c3-a29ccf6e77c6","316573","Birk - A9 (TANK 2)","10/13/2019 4:56 AM","14.3","14.3° C","100","14.3","0","900142","False","81","3.68"
"569f3452-35f7-4095-b637-3af7523f657d","316573","Birk - A9 (TANK 2)","10/13/2019 4:26 AM","14.3","14.3° C","100","14.3","0","900142","False","89","3.68"
"12fa015b-05f2-4435-9cf9-9c31426f1b0d","316573","Birk - A9 (TANK 2)","10/13/2019 3:56 AM","14.3","14.3° C","100","14.3","0","900142","False","81","3.68"
"9d10b110-e76e-4332-8c8a-b6de024006fe","316573","Birk - A9 (TANK 2)","10/13/2019 3:26 AM","14.4","14.4° C","100","14.4","0","900142","False","80","3.67"
"8a6a2824-3fa2-43b9-87bb-57496805cd07","316573","Birk - A9 (TANK 2)","10/13/2019 2:56 AM","14.3","14.3° C","100","14.3","0","900142","False","89","3.68"
"f1ef5b4e-4d8a-494f-8bef-d222ca0a8432","316573","Birk - A9 (TANK 2)","10/13/2019 2:27 AM","14.4","14.4° C","100","14.4","0","900142","False","88","3.67"
"9f739060-f8f4-4f82-a418-a1933f0cd4d6","316573","Birk - A9 (TANK 2)","10/13/2019 1:57 AM","14.3","14.3° C","100","14.3","0","900142","False","85","3.67"
"9e059171-677e-4df8-9c54-9c887cf01728","316573","Birk - A9 (TANK 2)","10/13/2019 1:27 AM","14.4","14.4° C","100","14.4","0","900142","False","84","3.68"
"5b6310a0-6a69-4e83-9076-673492eab465","316573","Birk - A9 (TANK 2)","10/13/2019 12:57 AM","14.3","14.3° C","100","14.3","0","900142","False","84","3.66"
"c24abd5a-13c7-46e8-888d-738eebe7631d","316573","Birk - A9 (TANK 2)","10/13/2019 12:28 AM","14.4","14.4° C","100","14.4","0","900142","False","90","3.67"
"1423b951-07b3-40b1-b660-b894a6cf5969","316573","Birk - A9 (TANK 2)","10/12/2019 11:58 PM","14.4","14.4° C","100","14.4","0","900142","False","88","3.68"
"f7a756a9-dd88-4f5e-9782-3829431c55ed","316573","Birk - A9 (TANK 2)","10/12/2019 11:28 PM","14.3","14.3° C","100","14.3","0","900142","False","82","3.67"
"b126b999-be54-4c0a-b1b0-d5439443a8f6","316573","Birk - A9 (TANK 2)","10/12/2019 10:58 PM","14.5","14.5° C","100","14.5","0","900142","False","93","3.68"
"28b054d2-1340-4a77-81cc-91e35b8e1ffb","316573","Birk - A9 (TANK 2)","10/12/2019 10:28 PM","14.3","14.3° C","100","14.3","0","900142","False","82","3.68"
"11e9b4ec-3289-427c-af92-a6a9c3bc2056","316573","Birk - A9 (TANK 2)","10/12/2019 9:59 PM","14.4","14.4° C","100","14.4","0","900142","False","81","3.69"
"ed054c9b-ab6d-4932-a80f-0e8fae154291","316573","Birk - A9 (TANK 2)","10/12/2019 9:29 PM","14.3","14.3° C","100","14.3","0","900142","False","93","3.68"
"89290194-362e-442e-b730-61018a667ef4","316573","Birk - A9 (TANK 2)","10/12/2019 8:59 PM","14.4","14.4° C","100","14.4","0","900142","False","89","3.69"
"defae52a-7b18-4b5d-93c3-9e6777a37c3b","316573","Birk - A9 (TANK 2)","10/12/2019 8:29 PM","14.5","14.5° C","100","14.5","0","900142","False","78","3.68"
"b0766dfb-6a2f-4575-833f-bb4949db294a","316573","Birk - A9 (TANK 2)","10/12/2019 7:59 PM","14.2","14.2° C","100","14.2","0","900142","False","78","3.69"
"ea695a69-ee67-4dab-a146-b2143d8c66ff","316573","Birk - A9 (TANK 2)","10/12/2019 7:30 PM","14.3","14.3° C","100","14.3","0","900142","False","81","3.67"
"9c776f51-0b29-45cf-bdec-8b89ec5a5976","316573","Birk - A9 (TANK 2)","10/12/2019 7:00 PM","14.4","14.4° C","100","14.4","0","900142","False","85","3.68"
"6049730b-6bdb-44c8-9307-df90dbd74dc8","316573","Birk - A9 (TANK 2)","10/12/2019 6:30 PM","14.3","14.3° C","100","14.3","0","900142","False","84","3.69"
"c98c695b-3831-4bb4-aa1a-4f22fca838c2","316573","Birk - A9 (TANK 2)","10/12/2019 6:00 PM","14.5","14.5° C","100","14.5","0","900142","False","81","3.68"
"c0f86d6d-f96a-4c26-bdad-52498929e7e9","316573","Birk - A9 (TANK 2)","10/12/2019 5:31 PM","14.2","14.2° C","100","14.2","0","900142","False","85","3.68"
"91b16324-8d12-4315-8637-a1236dfe277d","316573","Birk - A9 (TANK 2)","10/12/2019 5:01 PM","14.4","14.4° C","100","14.4","0","900142","False","81","3.66"
"0842a54d-6756-4cf3-a5b4-bf8c02097b93","316573","Birk - A9 (TANK 2)","10/12/2019 4:31 PM","14.4","14.4° C","100","14.4","0","900142","False","85","3.67"
"2a908da3-e780-4334-80b5-01b28c1e4448","316573","Birk - A9 (TANK 2)","10/12/2019 4:01 PM","14.3","14.3° C","100","14.3","0","900142","False","82","3.68"
"7d7e6a63-5f7c-44c8-b694-459667fb108b","316573","Birk - A9 (TANK 2)","10/12/2019 3:31 PM","14.4","14.4° C","100","14.4","0","900142","False","84","3.68"
"42edff17-447c-4695-9f6c-901c89d45519","316573","Birk - A9 (TANK 2)","10/12/2019 3:02 PM","14.2","14.2° C","100","14.2","0","900142","False","78","3.68"
"019df9ba-c2f5-4020-999b-83d83c382849","316573","Birk - A9 (TANK 2)","10/12/2019 2:32 PM","14.4","14.4° C","100","14.4","0","900142","False","93","3.69"
"43245812-f19b-4f13-9bcb-cd0dcb83d84c","316573","Birk - A9 (TANK 2)","10/12/2019 2:02 PM","14.6","14.6° C","100","14.6","0","900142","False","81","3.68"
"823ea972-c782-4300-aba2-0af4e598c79d","316573","Birk - A9 (TANK 2)","10/12/2019 1:32 PM","14.3","14.3° C","100","14.3","0","900142","False","80","3.67"
"bae75f14-6d73-43f6-a369-1dbc1993a2ba","316573","Birk - A9 (TANK 2)","10/12/2019 1:03 PM","14.3","14.3° C","100","14.3","0","900142","False","84","3.68"
"0d762a19-c19d-4200-b3ee-3f8d54008839","316573","Birk - A9 (TANK 2)","10/12/2019 12:33 PM","14.5","14.5° C","100","14.5","0","900142","False","98","3.68"
"0568636c-c423-4147-a6c5-29492068969f","316573","Birk - A9 (TANK 2)","10/12/2019 12:03 PM","14.3","14.3° C","100","14.3","0","900142","False","96","3.69"
"82eb1586-f988-48f6-b0f0-5182490e6703","316573","Birk - A9 (TANK 2)","10/12/2019 11:33 AM","14.3","14.3° C","100","14.3","0","900142","False","97","3.69"
"ad8bc76a-92d5-4502-9e1a-6a8a4c0c9133","316573","Birk - A9 (TANK 2)","10/12/2019 11:03 AM","14.5","14.5° C","100","14.5","0","900142","False","97","3.68"
"6b15ec45-2c35-40b9-bc74-774e37bec95b","316573","Birk - A9 (TANK 2)","10/12/2019 10:33 AM","14.2","14.2° C","100","14.2","0","900142","False","96","3.68"
"4af65b1a-248f-4efb-8de7-36b04369fbe8","316573","Birk - A9 (TANK 2)","10/12/2019 10:04 AM","14.4","14.4° C","100","14.4","0","900142","False","94","3.67"
"b09c7a46-7823-42ff-ae75-ba854e137964","316573","Birk - A9 (TANK 2)","10/12/2019 9:34 AM","14.2","14.2° C","100","14.2","0","900142","False","96","3.68"
"7b1ebbde-2118-431e-8ab9-e4a95551ee22","316573","Birk - A9 (TANK 2)","10/12/2019 9:04 AM","14.4","14.4° C","100","14.4","0","900142","False","89","3.68"
"2712f8ce-972e-4589-9511-380823fa691b","316573","Birk - A9 (TANK 2)","10/12/2019 8:34 AM","14.4","14.4° C","100","14.4","0","900142","False","86","3.68"
"10ad1b90-5272-4a9d-af3f-85eaed5ec4d1","316573","Birk - A9 (TANK 2)","10/12/2019 8:05 AM","14.3","14.3° C","100","14.3","0","900142","False","89","3.66"
"ca44dbdf-37ba-4f41-8cb5-fa7b4a74628c","316573","Birk - A9 (TANK 2)","10/12/2019 7:35 AM","14.6","14.6° C","100","14.6","0","900142","False","88","3.67"
"565f84e6-9d45-4790-97a3-2da576e46aa1","316573","Birk - A9 (TANK 2)","10/12/2019 7:05 AM","14.3","14.3° C","100","14.3","0","900142","False","82","3.68"
"79891ebb-97f4-4e7a-b742-0e3dfe737073","316573","Birk - A9 (TANK 2)","10/12/2019 6:35 AM","14.6","14.6° C","100","14.6","0","900142","False","84","3.67"
"23385baf-0f2e-4af7-b352-140e1df7cdf9","316573","Birk - A9 (TANK 2)","10/12/2019 6:05 AM","14.2","14.2° C","100","14.2","0","900142","False","82","3.68"
"5a96ccf9-7b3a-4f74-a5a9-bb8e23e6cc70","316573","Birk - A9 (TANK 2)","10/12/2019 5:35 AM","14.5","14.5° C","100","14.5","0","900142","False","81","3.66"
"2c85977e-6179-457d-adec-823a7ed0d528","316573","Birk - A9 (TANK 2)","10/12/2019 5:06 AM","14.3","14.3° C","100","14.3","0","900142","False","81","3.68"
"bf0fd090-a476-4397-8ae0-ed0c9b53449a","316573","Birk - A9 (TANK 2)","10/12/2019 4:36 AM","14.5","14.5° C","100","14.5","0","900142","False","80","3.69"
"f7ed2145-efeb-4326-998f-25278e12ee3c","316573","Birk - A9 (TANK 2)","10/12/2019 4:06 AM","14.3","14.3° C","100","14.3","0","900142","False","80","3.67"
"2cf63614-de90-48b3-bca7-762153e0f44c","316573","Birk - A9 (TANK 2)","10/12/2019 3:36 AM","14.4","14.4° C","100","14.4","0","900142","False","78","3.67"
"9be7c915-bbee-4863-9bdb-7ce1d6b38d12","316573","Birk - A9 (TANK 2)","10/12/2019 3:06 AM","14.3","14.3° C","100","14.3","0","900142","False","80","3.68"
"71954aa0-aef0-4977-94f0-868ba99af1a4","316573","Birk - A9 (TANK 2)","10/12/2019 2:37 AM","14.4","14.4° C","100","14.4","0","900142","False","80","3.68"
"8d2035ba-c8a2-42db-9f7d-4c5916b74a83","316573","Birk - A9 (TANK 2)","10/12/2019 2:07 AM","14.6","14.6° C","100","14.6","0","900142","False","85","3.68"
"34034d0a-9dea-47a3-b6a8-8bf474e83541","316573","Birk - A9 (TANK 2)","10/12/2019 1:37 AM","14.3","14.3° C","100","14.3","0","900142","False","80","3.69"
"f14f630f-d4b1-42c0-b1c9-8e9bcc165d27","316573","Birk - A9 (TANK 2)","10/12/2019 1:07 AM","14.3","14.3° C","100","14.3","0","900142","False","86","3.68"
"29ac0815-a29e-422e-8967-6a282f7fb39f","316573","Birk - A9 (TANK 2)","10/12/2019 12:38 AM","14.4","14.4° C","100","14.4","0","900142","False","90","3.69"
"9eed208a-6d8e-4b59-92fb-aebdfea65a9e","316573","Birk - A9 (TANK 2)","10/12/2019 12:08 AM","14.3","14.3° C","100","14.3","0","900142","False","90","3.68"
"6c8097f1-2e6d-414b-bf76-f6244b1a72c8","316573","Birk - A9 (TANK 2)","10/11/2019 11:38 PM","14.4","14.4° C","100","14.4","0","900142","False","94","3.67"
"b522275c-9c54-4909-abce-33729bc3aeea","316573","Birk - A9 (TANK 2)","10/11/2019 11:08 PM","14.2","14.2° C","100","14.2","0","900142","False","94","3.69"
"74eab8eb-e842-488f-9d94-279e53430444","316573","Birk - A9 (TANK 2)","10/11/2019 10:39 PM","14.2","14.2° C","100","14.2","0","900142","False","94","3.67"
"1fbef526-d605-4c26-a591-ee005feadd27","316573","Birk - A9 (TANK 2)","10/11/2019 10:09 PM","14.4","14.4° C","100","14.4","0","900142","False","88","3.68"
"7eeb94d1-9303-4845-8452-a765c35ca2d4","316573","Birk - A9 (TANK 2)","10/11/2019 9:39 PM","14.2","14.2° C","100","14.2","0","900142","False","89","3.67"
"f6916506-b33f-468f-a9f5-db523fda3b46","316573","Birk - A9 (TANK 2)","10/11/2019 9:09 PM","14.3","14.3° C","100","14.3","0","900142","False","88","3.67"
"c2cc0aa9-8b99-4dff-9d25-c71584c9115e","316573","Birk - A9 (TANK 2)","10/11/2019 8:39 PM","14.4","14.4° C","100","14.4","0","900142","False","81","3.68"
"9d1a2dff-54a2-4641-a4c5-b49a26057ae0","316573","Birk - A9 (TANK 2)","10/11/2019 8:10 PM","14.4","14.4° C","100","14.4","0","900142","False","89","3.68"
"365eab8e-8670-49d4-b608-4e183e29d651","316573","Birk - A9 (TANK 2)","10/11/2019 7:40 PM","14.3","14.3° C","100","14.3","0","900142","False","96","3.69"
"480703ad-0763-4a2b-92cd-cea5de1ddc18","316573","Birk - A9 (TANK 2)","10/11/2019 7:10 PM","14.4","14.4° C","100","14.4","0","900142","False","96","3.69"
"e5784e00-b35d-4764-98f4-f0515cd84a85","316573","Birk - A9 (TANK 2)","10/11/2019 6:40 PM","14.2","14.2° C","100","14.2","0","900142","False","94","3.68"
"899eadb3-0e50-4b46-aa73-5ec8f1a010b6","316573","Birk - A9 (TANK 2)","10/11/2019 6:11 PM","14.3","14.3° C","100","14.3","0","900142","False","96","3.67"
"317e3bf1-2785-414c-86e0-aa03568d5a67","316573","Birk - A9 (TANK 2)","10/11/2019 5:41 PM","14.5","14.5° C","100","14.5","0","900142","False","88","3.69"
"eb13849c-2cd6-415a-944a-1a226787e820","316573","Birk - A9 (TANK 2)","10/11/2019 5:11 PM","14.3","14.3° C","100","14.3","0","900142","False","94","3.68"
"fdf75ccc-154d-412a-9831-c78f2233258a","316573","Birk - A9 (TANK 2)","10/11/2019 4:41 PM","14.4","14.4° C","100","14.4","0","900142","False","81","3.68"
"dbe07b33-eb31-4dec-ba10-c4287dc9db04","316573","Birk - A9 (TANK 2)","10/11/2019 4:12 PM","14.3","14.3° C","100","14.3","0","900142","False","82","3.68"
"1c526da5-1a97-4217-844a-59a40165df7a","316573","Birk - A9 (TANK 2)","10/11/2019 3:42 PM","14.2","14.2° C","100","14.2","0","900142","False","84","3.68"
"eecda01f-cd4b-4ea9-96ae-7455c08508e2","316573","Birk - A9 (TANK 2)","10/11/2019 3:12 PM","14.3","14.3° C","100","14.3","0","900142","False","80","3.67"
"2c6407fc-184e-4d5f-9a12-030a86886d3a","316573","Birk - A9 (TANK 2)","10/11/2019 2:42 PM","14.3","14.3° C","100","14.3","0","900142","False","85","3.68"
"f48f0b73-8204-4737-858f-047c20fe5909","316573","Birk - A9 (TANK 2)","10/11/2019 2:13 PM","14.3","14.3° C","100","14.3","0","900142","False","96","3.67"
"728f71fc-80dc-44bb-ab17-bab444bde961","316573","Birk - A9 (TANK 2)","10/11/2019 1:43 PM","14.3","14.3° C","100","14.3","0","900142","False","97","3.67"
"4b4b7759-c2c9-4cdb-9b3c-9638394387c8","316573","Birk - A9 (TANK 2)","10/11/2019 1:13 PM","14.4","14.4° C","100","14.4","0","900142","False","96","3.68"
"42259a0f-5f3b-42ec-acf8-1c0f501bf3c9","316573","Birk - A9 (TANK 2)","10/11/2019 12:43 PM","14.2","14.2° C","100","14.2","0","900142","False","82","3.66"
"bd507abb-29c1-46af-bcb8-f098de01241d","316573","Birk - A9 (TANK 2)","10/11/2019 12:13 PM","14.3","14.3° C","100","14.3","0","900142","False","85","3.68"
"ec6ecf9e-2802-47b1-a245-c06ffe7d7043","316573","Birk - A9 (TANK 2)","10/11/2019 11:44 AM","14.4","14.4° C","100","14.4","0","900142","False","93","3.67"
"f79558ee-c2c0-4dc3-b3e7-26d244cb858a","316573","Birk - A9 (TANK 2)","10/11/2019 11:14 AM","14.2","14.2° C","100","14.2","0","900142","False","85","3.67"
"702c3f64-b7f7-4496-b3c3-fa6e0bc736f4","316573","Birk - A9 (TANK 2)","10/11/2019 10:44 AM","14.1","14.1° C","100","14.1","0","900142","False","84","3.68"
"5dd30b1a-806c-4bae-8b85-bb49f0b01dcd","316573","Birk - A9 (TANK 2)","10/11/2019 10:14 AM","14.3","14.3° C","100","14.3","0","900142","False","80","3.67"
"6e28cac2-0518-45ad-bf1f-5f1b5776268a","316573","Birk - A9 (TANK 2)","10/11/2019 9:45 AM","14.3","14.3° C","100","14.3","0","900142","False","78","3.68"
"e321029e-352f-4f7c-a837-0bf49c960ea7","316573","Birk - A9 (TANK 2)","10/11/2019 9:15 AM","14.3","14.3° C","100","14.3","0","900142","False","81","3.67"
"c92619b6-8da1-4ec3-812c-900a308896a8","316573","Birk - A9 (TANK 2)","10/11/2019 8:45 AM","14.5","14.5° C","100","14.5","0","900142","False","90","3.67"
"b9f0507f-5281-4923-96a3-506006730d1b","316573","Birk - A9 (TANK 2)","10/11/2019 8:15 AM","14.2","14.2° C","100","14.2","0","900142","False","77","3.68"
"c4fc4364-639b-452a-8a77-6f562a0631c5","316573","Birk - A9 (TANK 2)","10/11/2019 7:45 AM","14.3","14.3° C","100","14.3","0","900142","False","84","3.69"
"f85ed98d-3d95-409b-88a3-039b1864ccc4","316573","Birk - A9 (TANK 2)","10/11/2019 7:16 AM","14.4","14.4° C","100","14.4","0","900142","False","86","3.68"
"73fc6bc5-3aba-40fa-a8b4-835d2075edfc","316573","Birk - A9 (TANK 2)","10/11/2019 6:46 AM","14.4","14.4° C","100","14.4","0","900142","False","94","3.68"
"87df125e-ea90-4bab-a953-6e3662c2652d","316573","Birk - A9 (TANK 2)","10/11/2019 6:16 AM","14.6","14.6° C","100","14.6","0","900142","False","84","3.69"
"7292fcf8-dfa2-4678-b48a-030d63e3450c","316573","Birk - A9 (TANK 2)","10/11/2019 5:46 AM","14.1","14.1° C","100","14.1","0","900142","False","80","3.69"
"ba46334d-2d83-428d-8cfb-4ad1083eb7a9","316573","Birk - A9 (TANK 2)","10/11/2019 5:16 AM","14.3","14.3° C","100","14.3","0","900142","False","78","3.68"
"97afd68a-e4e0-4685-bd74-106c1f66a951","316573","Birk - A9 (TANK 2)","10/11/2019 4:47 AM","14.3","14.3° C","100","14.3","0","900142","False","85","3.67"
"f026f2ab-50c8-4ebb-8e84-cf7cd99a0816","316573","Birk - A9 (TANK 2)","10/11/2019 4:17 AM","14.4","14.4° C","100","14.4","0","900142","False","85","3.67"
"6c060418-3ce6-431b-946c-3ce7600991bc","316573","Birk - A9 (TANK 2)","10/11/2019 3:47 AM","14.5","14.5° C","100","14.5","0","900142","False","85","3.69"
"9030c056-04da-4709-8275-87652325fd96","316573","Birk - A9 (TANK 2)","10/11/2019 3:18 AM","14.1","14.1° C","100","14.1","0","900142","False","78","3.68"
"dfb7ea1f-5a32-4e18-95d3-3d83ed791bcd","316573","Birk - A9 (TANK 2)","10/11/2019 2:48 AM","14.3","14.3° C","100","14.3","0","900142","False","88","3.69"
"e846a921-5590-4c37-b2a7-4692f0b8991a","316573","Birk - A9 (TANK 2)","10/11/2019 2:18 AM","14.3","14.3° C","100","14.3","0","900142","False","81","3.68"
"5b51545c-3856-43a1-9da8-701812419678","316573","Birk - A9 (TANK 2)","10/11/2019 1:48 AM","14.3","14.3° C","100","14.3","0","900142","False","82","3.67"
"b250ea7f-86af-4d25-a29a-0219b97c1517","316573","Birk - A9 (TANK 2)","10/11/2019 1:18 AM","14.4","14.4° C","100","14.4","0","900142","False","78","3.67"
"578df363-356a-4c20-82d5-23f421358c2d","316573","Birk - A9 (TANK 2)","10/11/2019 12:49 AM","14.5","14.5° C","100","14.5","0","900142","False","78","3.68"
"ffd9036a-e134-4962-90fc-9edc5b7b391a","316573","Birk - A9 (TANK 2)","10/11/2019 12:19 AM","14.1","14.1° C","100","14.1","0","900142","False","78","3.69"
"c2ef3e6c-cc5c-4a28-8ce7-3be721925933","316573","Birk - A9 (TANK 2)","10/10/2019 11:49 PM","14.3","14.3° C","100","14.3","0","900142","False","94","3.69"
"d08c7df8-3eef-426a-9986-e59d8da061cf","316573","Birk - A9 (TANK 2)","10/10/2019 11:19 PM","14.3","14.3° C","100","14.3","0","900142","False","81","3.69"
"ea64bd43-5396-4e11-ae72-ce57417348a3","316573","Birk - A9 (TANK 2)","10/10/2019 10:49 PM","14.3","14.3° C","100","14.3","0","900142","False","77","3.67"
"bd361184-e7c2-4192-bcb3-9a16c76b4f6e","316573","Birk - A9 (TANK 2)","10/10/2019 10:20 PM","14.3","14.3° C","100","14.3","0","900142","False","86","3.67"
"1b3a58c6-00c7-45c2-a9e1-b6575121d888","316573","Birk - A9 (TANK 2)","10/10/2019 9:50 PM","14.4","14.4° C","100","14.4","0","900142","False","85","3.67"
"0f7dd0ee-e3e1-491a-a352-85228b7155cf","316573","Birk - A9 (TANK 2)","10/10/2019 9:20 PM","14.4","14.4° C","100","14.4","0","900142","False","78","3.69"
"664acea1-b6aa-40fa-9aaf-e017b75776cf","316573","Birk - A9 (TANK 2)","10/10/2019 8:50 PM","14.5","14.5° C","100","14.5","0","900142","False","77","3.68"
"d1df8d68-736f-4def-a797-db92803ebb32","316573","Birk - A9 (TANK 2)","10/10/2019 8:21 PM","14.1","14.1° C","100","14.1","0","900142","False","82","3.67"
"ace51aa1-1715-4340-a466-7b8a7ab418ad","316573","Birk - A9 (TANK 2)","10/10/2019 7:51 PM","14.2","14.2° C","100","14.2","0","900142","False","96","3.67"
"76aeb3e7-6b97-403f-ba45-269d32da1de0","316573","Birk - A9 (TANK 2)","10/10/2019 7:21 PM","14.2","14.2° C","100","14.2","0","900142","False","100","3.67"
"7461f28e-6e59-4316-acb1-4f93c5dc8f99","316573","Birk - A9 (TANK 2)","10/10/2019 6:51 PM","14.3","14.3° C","100","14.3","0","900142","False","97","3.68"
"cab05449-0e55-4d0a-be1d-37fea0ef62d8","316573","Birk - A9 (TANK 2)","10/10/2019 6:21 PM","14.3","14.3° C","100","14.3","0","900142","False","96","3.67"
"7dca24b2-8efc-43c7-87ed-99b24ca0e8d5","316573","Birk - A9 (TANK 2)","10/10/2019 5:52 PM","14.3","14.3° C","100","14.3","0","900142","False","100","3.68"
"09cff007-94b4-43aa-a53d-a10d7dc5e584","316573","Birk - A9 (TANK 2)","10/10/2019 5:22 PM","14.3","14.3° C","100","14.3","0","900142","False","100","3.66"
"bfcb95ed-b9fa-4925-a3d0-22cb0e50cead","316573","Birk - A9 (TANK 2)","10/10/2019 4:52 PM","14.4","14.4° C","100","14.4","0","900142","False","78","3.69"
"36d6decb-4a36-4b88-b41e-87724dbf5e3e","316573","Birk - A9 (TANK 2)","10/10/2019 4:22 PM","14.4","14.4° C","100","14.4","0","900142","False","97","3.68"
"05fcb3f4-2e8d-4946-ba8c-16582c8f9efd","316573","Birk - A9 (TANK 2)","10/10/2019 3:52 PM","14.5","14.5° C","100","14.5","0","900142","False","94","3.67"
"43ebd2da-0619-4d59-b232-b40a4d347ad3","316573","Birk - A9 (TANK 2)","10/10/2019 3:23 PM","14.5","14.5° C","100","14.5","0","900142","False","97","3.68"
"384d4bbf-b951-454b-b82a-8358cac3b577","316573","Birk - A9 (TANK 2)","10/10/2019 2:53 PM","14.5","14.5° C","100","14.5","0","900142","False","97","3.68"
"220ca2a8-9316-4ec9-9dc6-2dbb5f7f7fa2","316573","Birk - A9 (TANK 2)","10/10/2019 2:23 PM","14.5","14.5° C","100","14.5","0","900142","False","96","3.68"
"9c9f85a7-ea27-45de-833d-78bdb41c35ca","316573","Birk - A9 (TANK 2)","10/10/2019 1:54 PM","14.5","14.5° C","100","14.5","0","900142","False","86","3.69"
"8d2f2348-0d71-4fcc-b0d1-680a55fccfdb","316573","Birk - A9 (TANK 2)","10/10/2019 1:24 PM","14.5","14.5° C","100","14.5","0","900142","False","93","3.68"
"eb581c59-688b-44aa-92ec-2052efeed49b","316573","Birk - A9 (TANK 2)","10/10/2019 12:54 PM","14.4","14.4° C","100","14.4","0","900142","False","82","3.68"
"6184cd49-149b-4e7e-81af-1979c8f7e551","316573","Birk - A9 (TANK 2)","10/10/2019 12:24 PM","14.4","14.4° C","100","14.4","0","900142","False","81","3.68"
"044ebd95-603d-4492-8e19-8d091bdd2352","316573","Birk - A9 (TANK 2)","10/10/2019 11:54 AM","14.5","14.5° C","100","14.5","0","900142","False","88","3.69"
"7f40d751-a33a-4e35-bbbd-18213c9fb47e","316573","Birk - A9 (TANK 2)","10/10/2019 11:25 AM","14.4","14.4° C","100","14.4","0","900142","False","86","3.68"
"728f28b9-2b22-40aa-9779-e5da5e3fd115","316573","Birk - A9 (TANK 2)","10/10/2019 10:55 AM","14.4","14.4° C","100","14.4","0","900142","False","90","3.67"
"cf788ea8-6015-44da-9e7f-1a6d3983d3ec","316573","Birk - A9 (TANK 2)","10/10/2019 10:25 AM","14.4","14.4° C","100","14.4","0","900142","False","96","3.68"
"8dd36e58-9f20-4f9f-bbf4-a5f8e7841f3b","316573","Birk - A9 (TANK 2)","10/10/2019 9:55 AM","14.4","14.4° C","100","14.4","0","900142","False","100","3.69"
"9a9e1276-311e-4798-bbfa-669ea4034a8f","316573","Birk - A9 (TANK 2)","10/10/2019 9:26 AM","14.4","14.4° C","100","14.4","0","900142","False","98","3.67"
"0c7d593f-53c2-4f30-8265-ff005ac0d47b","316573","Birk - A9 (TANK 2)","10/10/2019 8:56 AM","14.4","14.4° C","100","14.4","0","900142","False","82","3.68"
"a9e00086-bb09-467b-bb11-0704e322dc16","316573","Birk - A9 (TANK 2)","10/10/2019 8:26 AM","14.4","14.4° C","100","14.4","0","900142","False","88","3.7"
"01f5a21a-4201-4a5c-8701-32f5be8f22cb","316573","Birk - A9 (TANK 2)","10/10/2019 7:56 AM","14.3","14.3° C","100","14.3","0","900142","False","82","3.68"
"3c4b6ecb-21f9-4aec-91a7-c5736879e353","316573","Birk - A9 (TANK 2)","10/10/2019 7:26 AM","14.3","14.3° C","100","14.3","0","900142","False","86","3.68"
"b274ff98-2ada-4551-9255-698f70adb441","316573","Birk - A9 (TANK 2)","10/10/2019 6:57 AM","14.3","14.3° C","100","14.3","0","900142","False","82","3.67"
"05c33384-66d3-4303-98b5-2e56317f7638","316573","Birk - A9 (TANK 2)","10/10/2019 6:27 AM","14.3","14.3° C","100","14.3","0","900142","False","84","3.68"
"1a32acca-c44d-4296-ac7d-4037d88ab77b","316573","Birk - A9 (TANK 2)","10/10/2019 5:57 AM","14.3","14.3° C","100","14.3","0","900142","False","82","3.68"
"35154e0a-078d-4fc9-90fa-152a70ebbeb8","316573","Birk - A9 (TANK 2)","10/10/2019 5:27 AM","14.3","14.3° C","100","14.3","0","900142","False","82","3.69"
"be218af2-bf10-40af-b7b2-b35705dd2416","316573","Birk - A9 (TANK 2)","10/10/2019 4:57 AM","14.3","14.3° C","100","14.3","0","900142","False","82","3.68"
"9411ddad-460c-4811-b9f9-7304158bb272","316573","Birk - A9 (TANK 2)","10/10/2019 4:28 AM","14.3","14.3° C","100","14.3","0","900142","False","82","3.69"
"2bce6605-9634-46ab-977a-c7830b3d82bf","316573","Birk - A9 (TANK 2)","10/10/2019 3:58 AM","14.3","14.3° C","100","14.3","0","900142","False","82","3.69"
"1ad8ba20-488b-4937-a3ad-fcdedd2566e3","316573","Birk - A9 (TANK 2)","10/10/2019 3:28 AM","14.4","14.4° C","100","14.4","0","900142","False","82","3.67"
"ca3be942-2f18-496c-a165-b3db73d90327","316573","Birk - A9 (TANK 2)","10/10/2019 2:58 AM","14.3","14.3° C","100","14.3","0","900142","False","82","3.68"
"402f1ece-ea62-4e68-aaa9-1d4d580e2ec6","316573","Birk - A9 (TANK 2)","10/10/2019 2:28 AM","14.4","14.4° C","100","14.4","0","900142","False","82","3.67"
"1945fcfc-5871-462e-9942-6b28ab5bc9b5","316573","Birk - A9 (TANK 2)","10/10/2019 1:59 AM","14.4","14.4° C","100","14.4","0","900142","False","82","3.68"
"41873e9e-2a0f-4c66-982e-a193699f85a5","316573","Birk - A9 (TANK 2)","10/10/2019 1:29 AM","14.4","14.4° C","100","14.4","0","900142","False","82","3.68"
"427445bb-0b54-4cdf-8354-dc449ee02b39","316573","Birk - A9 (TANK 2)","10/10/2019 12:59 AM","14.4","14.4° C","100","14.4","0","900142","False","86","3.68"
"d60cff40-b9bb-4a33-8d3a-29df9c50724b","316573","Birk - A9 (TANK 2)","10/10/2019 12:29 AM","14.4","14.4° C","100","14.4","0","900142","False","89","3.67"
"1bc4bb88-4175-49d4-8d61-2ccb40b2d1d0","316573","Birk - A9 (TANK 2)","10/10/2019 12:00 AM","14.4","14.4° C","100","14.4","0","900142","False","90","3.68"
"cb7fe31b-8766-4ee9-99ce-49cdfd9bade1","316573","Birk - A9 (TANK 2)","10/09/2019 11:30 PM","14.4","14.4° C","100","14.4","0","900142","False","85","3.68"
"fc81a5e4-9034-49e7-b1d7-b3d5aad0e8ae","316573","Birk - A9 (TANK 2)","10/09/2019 11:00 PM","14.5","14.5° C","100","14.5","0","900142","False","89","3.67"
"2a3609c6-2a89-41bf-8a60-b71750972421","316573","Birk - A9 (TANK 2)","10/09/2019 10:30 PM","14.4","14.4° C","100","14.4","0","900142","False","89","3.68"
"c614bdc9-70a5-4553-92d7-e2e124115b57","316573","Birk - A9 (TANK 2)","10/09/2019 10:00 PM","14.5","14.5° C","100","14.5","0","900142","False","81","3.66"
"2b114fb5-b8b9-493b-a361-5effe2e6379b","316573","Birk - A9 (TANK 2)","10/09/2019 9:31 PM","14.5","14.5° C","100","14.5","0","900142","False","82","3.69"
"76679913-001a-4c65-a97b-c285062f3ece","316573","Birk - A9 (TANK 2)","10/09/2019 9:01 PM","14.5","14.5° C","100","14.5","0","900142","False","84","3.68"
"859174b4-f02c-4bf2-8813-ba7ff1c9e540","316573","Birk - A9 (TANK 2)","10/09/2019 8:31 PM","14.5","14.5° C","100","14.5","0","900142","False","84","3.67"
"db3543ce-76cf-42b9-95f7-a0eb7bacaa23","316573","Birk - A9 (TANK 2)","10/09/2019 8:01 PM","14.5","14.5° C","100","14.5","0","900142","False","100","3.69"
"f3e15f5e-86fb-4683-8416-5fa0ed98bdef","316573","Birk - A9 (TANK 2)","10/09/2019 7:32 PM","14.5","14.5° C","100","14.5","0","900142","False","100","3.67"
"d80321d7-6074-4916-9966-7cc92f2f53bc","316573","Birk - A9 (TANK 2)","10/09/2019 7:02 PM","14.6","14.6° C","100","14.6","0","900142","False","100","3.68"
"04d97ad9-b30b-4071-a75e-c6124554c015","316573","Birk - A9 (TANK 2)","10/09/2019 6:32 PM","14.6","14.6° C","100","14.6","0","900142","False","96","3.68"
"e7ec736a-873a-410e-aca1-2641280c54ba","316573","Birk - A9 (TANK 2)","10/09/2019 6:02 PM","14.6","14.6° C","100","14.6","0","900142","False","85","3.67"
"4f2f6765-0ea6-4c84-a24f-7e153248bbbc","316573","Birk - A9 (TANK 2)","10/09/2019 5:32 PM","14.6","14.6° C","100","14.6","0","900142","False","81","3.69"
"0d69e1fd-d5f2-491f-8580-3a6de068a749","316573","Birk - A9 (TANK 2)","10/09/2019 5:03 PM","14.6","14.6° C","100","14.6","0","900142","False","81","3.69"
"a86bda0f-0444-45af-9617-8daa853eb10d","316573","Birk - A9 (TANK 2)","10/09/2019 4:33 PM","14.7","14.7° C","100","14.7","0","900142","False","82","3.67"
"511d3f62-8a2e-4dcb-9771-08802424a159","316573","Birk - A9 (TANK 2)","10/09/2019 4:03 PM","14.6","14.6° C","100","14.6","0","900142","False","98","3.67"
"1920df4d-f926-4bb3-8f86-8e5ea741fa23","316573","Birk - A9 (TANK 2)","10/09/2019 3:33 PM","14.7","14.7° C","100","14.7","0","900142","False","86","3.7"
"caa668ec-7427-4535-99e1-b896ca43b732","316573","Birk - A9 (TANK 2)","10/09/2019 3:04 PM","14.6","14.6° C","100","14.6","0","900142","False","94","3.68"
"9e0fe44c-f373-4100-9a3c-c6c5e13b5be1","316573","Birk - A9 (TANK 2)","10/09/2019 2:34 PM","14.6","14.6° C","100","14.6","0","900142","False","92","3.69"
"787ef5b5-8f85-4cb4-9ad3-a6e68a68f575","316573","Birk - A9 (TANK 2)","10/09/2019 2:04 PM","14.7","14.7° C","100","14.7","0","900142","False","96","3.67"
"7f03c4d7-6f83-4b69-9d08-3948cb258dbd","316573","Birk - A9 (TANK 2)","10/09/2019 1:34 PM","14.6","14.6° C","100","14.6","0","900142","False","85","3.67"
"d0c12098-f87c-4b49-9ba0-40c35c322a4e","316573","Birk - A9 (TANK 2)","10/09/2019 1:04 PM","14.7","14.7° C","100","14.7","0","900142","False","94","3.7"
"a5d2e079-5578-4713-87f6-591294b96f11","316573","Birk - A9 (TANK 2)","10/09/2019 12:35 PM","14.6","14.6° C","100","14.6","0","900142","False","86","3.68"
"0cd410fe-2b99-474f-a218-1179e1604afa","316573","Birk - A9 (TANK 2)","10/09/2019 12:05 PM","14.7","14.7° C","100","14.7","0","900142","False","81","3.69"
"bab12259-9771-416a-bfaf-affbe3f00608","316573","Birk - A9 (TANK 2)","10/09/2019 11:35 AM","14.7","14.7° C","100","14.7","0","900142","False","92","3.68"
"4474d79f-b32d-4be6-bde3-5b42329bbf98","316573","Birk - A9 (TANK 2)","10/09/2019 11:05 AM","14.6","14.6° C","100","14.6","0","900142","False","84","3.68"
"f23dec31-abfa-484b-bd32-643e1454bae2","316573","Birk - A9 (TANK 2)","10/09/2019 10:35 AM","14.6","14.6° C","100","14.6","0","900142","False","96","3.67"
"cf26a2ec-c5bb-45a4-bdba-58478b0b8192","316573","Birk - A9 (TANK 2)","10/09/2019 10:06 AM","14.6","14.6° C","100","14.6","0","900142","False","84","3.68"
"689e958e-a619-4e86-bd70-ccf95bc78aa4","316573","Birk - A9 (TANK 2)","10/09/2019 9:36 AM","14.6","14.6° C","100","14.6","0","900142","False","85","3.69"
"98bbd6db-5677-4905-9f01-40ef032b05ca","316573","Birk - A9 (TANK 2)","10/09/2019 7:37 AM","15.6","15.6° C","100","15.6","0","900142","False","85","3.68"
"300c850f-44f3-473e-a026-9faa24b375aa","316573","Birk - A9 (TANK 2)","10/09/2019 5:37 AM","16.4","16.4° C","100","16.4","0","900142","False","96","3.68"
"385ca4a1-d6c9-478c-9141-92eced410b7c","316573","Birk - A9 (TANK 2)","10/09/2019 3:38 AM","17","17° C","100","17","0","900142","False","82","3.67"
"23ae7ac6-6ac4-4624-90be-2ffe8375e0df","316573","Birk - A9 (TANK 2)","10/09/2019 1:39 AM","18.1","18.1° C","100","18.1","0","900142","False","82","3.68"
"64271171-9540-4fe8-9e9f-ca8ab73c74e4","316573","Birk - A9 (TANK 2)","10/08/2019 11:40 PM","18.9","18.9° C","100","18.9","0","900142","False","82","3.67"
"ca2f3b00-75aa-4d90-b110-7d4c35485f18","316573","Birk - A9 (TANK 2)","10/08/2019 9:42 PM","19.8","19.8° C","100","19.8","0","900142","False","84","3.68"
"c8f3bf1a-5ff1-46ab-9bcb-1479c4ecfd78","316573","Birk - A9 (TANK 2)","10/08/2019 7:42 PM","20.4","20.4° C","100","20.4","0","900142","False","100","3.68"
"264af74b-6454-4975-b1a5-9858639cfc48","316573","Birk - A9 (TANK 2)","10/08/2019 5:43 PM","21.3","21.3° C","100","21.3","0","900142","False","100","3.69"
"c2a7e09a-dbc0-44c7-bd8a-436d5ebd2fb7","316573","Birk - A9 (TANK 2)","10/08/2019 3:44 PM","22.4","22.4° C","100","22.4","0","900142","False","85","3.67"
"62fb4536-4edf-4efa-9c33-7f0055aa1ad7","316573","Birk - A9 (TANK 2)","10/08/2019 1:46 PM","23.3","23.3° C","100","23.3","0","900142","False","98","3.68"
"60fdde65-2a8f-4123-bd0b-9c0c62d09169","316573","Birk - A9 (TANK 2)","10/08/2019 11:47 AM","23.7","23.7° C","100","23.7","0","900142","False","94","3.68"
"192c29f8-8649-473f-b0f1-511745cdcb60","316573","Birk - A9 (TANK 2)","10/08/2019 9:48 AM","24","24° C","100","24","0","900142","False","97","3.67"
"465ba48f-bbe6-47b2-abcf-ff74395666ac","316573","Birk - A9 (TANK 2)","10/08/2019 7:49 AM","23.9","23.9° C","100","23.9","0","900142","False","100","3.69"
"bde70b43-7ffb-4e7e-9811-03bb26c2190c","316573","Birk - A9 (TANK 2)","10/08/2019 5:50 AM","23.6","23.6° C","100","23.6","0","900142","False","100","3.68"
"4df30659-22d0-462a-b7f9-9fc8ec6dca00","316573","Birk - A9 (TANK 2)","10/08/2019 3:51 AM","23.8","23.8° C","100","23.8","0","900142","False","100","3.69"
"e21b8cc7-95b4-4978-9276-2d5a779ad5be","316573","Birk - A9 (TANK 2)","10/08/2019 1:52 AM","24.1","24.1° C","100","24.1","0","900142","False","98","3.69"
"ce08a1b1-8a9f-466a-9290-20e52082deeb","316573","Birk - A9 (TANK 2)","10/07/2019 11:53 PM","23.8","23.8° C","100","23.8","0","900142","False","100","3.67"
"4bdfb52e-9c54-4ca3-b91b-1dccac2242f4","316573","Birk - A9 (TANK 2)","10/07/2019 9:54 PM","23.6","23.6° C","100","23.6","0","900142","False","100","3.69"
"87a2f57c-3dcf-4029-98db-73e8374c64ff","316573","Birk - A9 (TANK 2)","10/07/2019 7:55 PM","24.1","24.1° C","100","24.1","0","900142","False","100","3.7"
"7692f653-ba5d-466a-a133-5433e6b24c6a","316573","Birk - A9 (TANK 2)","10/07/2019 5:56 PM","23.8","23.8° C","100","23.8","0","900142","False","100","3.68"
"5664de2a-c644-4f92-81c2-9135ebefa76b","316573","Birk - A9 (TANK 2)","10/07/2019 3:56 PM","23.7","23.7° C","100","23.7","0","900142","False","97","3.69"
"644c3efb-022a-48c7-b9de-095a3c77c67d","316573","Birk - A9 (TANK 2)","10/07/2019 1:57 PM","24","24° C","100","24","0","900142","False","100","3.68"
"448aab07-0c75-4c8a-92fa-34b81a8fc340","316573","Birk - A9 (TANK 2)","10/07/2019 11:58 AM","23.7","23.7° C","100","23.7","0","900142","False","100","3.69"
"439573e2-11ae-4496-a37a-9a357c4a7312","316573","Birk - A9 (TANK 2)","10/07/2019 9:59 AM","24","24° C","100","24","0","900142","False","100","3.69"
"0bfe5c0e-0527-4a10-975a-bc121564ad28","316573","Birk - A9 (TANK 2)","10/07/2019 8:01 AM","23.9","23.9° C","100","23.9","0","900142","False","100","3.67"
"04e976ce-6635-4536-9a5a-a331b3234646","316573","Birk - A9 (TANK 2)","10/07/2019 6:01 AM","23.6","23.6° C","100","23.6","0","900142","False","100","3.67"
"f970444d-85c2-42c1-bca8-d7e078932449","316573","Birk - A9 (TANK 2)","10/07/2019 4:02 AM","24","24° C","100","24","0","900142","False","100","3.69"
"ba92d446-e5f7-4b46-a65a-e5fa2ec98843","316573","Birk - A9 (TANK 2)","10/07/2019 2:03 AM","23.9","23.9° C","100","23.9","0","900142","False","100","3.68"
"b4217fb8-c93f-4826-90bf-4a03bc464daa","316573","Birk - A9 (TANK 2)","10/07/2019 12:04 AM","23.6","23.6° C","100","23.6","0","900142","False","100","3.69"
"06370f67-c64d-4bba-a718-b9101238db5e","316573","Birk - A9 (TANK 2)","10/06/2019 10:05 PM","23.9","23.9° C","100","23.9","0","900142","False","100","3.67"
"e6f7350b-6f03-48be-93e5-9bfb6e927eae","316573","Birk - A9 (TANK 2)","10/06/2019 8:06 PM","24","24° C","100","24","0","900142","False","84","3.67"
"f487f2fb-2337-40ef-bee3-83044d14a701","316573","Birk - A9 (TANK 2)","10/06/2019 6:07 PM","23.8","23.8° C","100","23.8","0","900142","False","84","3.68"
"92975009-d862-404c-aa45-57209be4129d","316573","Birk - A9 (TANK 2)","10/06/2019 4:07 PM","23.6","23.6° C","100","23.6","0","900142","False","88","3.68"
"769c4d49-878a-4729-a275-6a8ee98ddb80","316573","Birk - A9 (TANK 2)","10/06/2019 2:08 PM","23.9","23.9° C","100","23.9","0","900142","False","84","3.68"
"02e415a7-bb97-44f2-9691-462f9727a99a","316573","Birk - A9 (TANK 2)","10/06/2019 12:09 PM","24.1","24.1° C","100","24.1","0","900142","False","84","3.68"
"255ac6ac-fc9a-4070-b84f-7e45ec7bbb9c","316573","Birk - A9 (TANK 2)","10/06/2019 10:09 AM","23.8","23.8° C","100","23.8","0","900142","False","85","3.68"
"0d39780c-8d75-4528-bbc8-07776fef62e2","316573","Birk - A9 (TANK 2)","10/06/2019 8:10 AM","23.7","23.7° C","100","23.7","0","900142","False","97","3.67"
"c9ff8ff3-c102-448c-b602-43c9c3008f92","316573","Birk - A9 (TANK 2)","10/06/2019 6:11 AM","23.7","23.7° C","100","23.7","0","900142","False","90","3.68"
"042bcb63-bde8-40be-9a83-ed4a11cdf3ed","316573","Birk - A9 (TANK 2)","10/06/2019 4:12 AM","23.9","23.9° C","100","23.9","0","900142","False","84","3.68"
"11328d35-c34c-497c-bec7-74c5f7deedff","316573","Birk - A9 (TANK 2)","10/06/2019 2:13 AM","24.1","24.1° C","100","24.1","0","900142","False","93","3.69"
"af8852e5-278f-460b-affe-829b30789e07","316573","Birk - A9 (TANK 2)","10/06/2019 12:14 AM","23.9","23.9° C","100","23.9","0","900142","False","93","3.69"
"ea352c2a-780d-4710-bd3e-e73a2cad900a","316573","Birk - A9 (TANK 2)","10/05/2019 10:15 PM","23.7","23.7° C","100","23.7","0","900142","False","94","3.67"
"6fd7dca0-39be-4129-b491-a853f52dd760","316573","Birk - A9 (TANK 2)","10/05/2019 8:15 PM","23.8","23.8° C","100","23.8","0","900142","False","86","3.67"
"1ffb2835-8b2e-4546-9bb3-93aebeaae215","316573","Birk - A9 (TANK 2)","10/05/2019 6:16 PM","24","24° C","100","24","0","900142","False","89","3.67"
"921f9c6c-aebb-4d89-a456-587a9f3c8727","316573","Birk - A9 (TANK 2)","10/05/2019 4:17 PM","23.9","23.9° C","100","23.9","0","900142","False","84","3.67"
"679ceeac-d3eb-49ff-962b-212ecf32f5b1","316573","Birk - A9 (TANK 2)","10/05/2019 2:18 PM","23.7","23.7° C","100","23.7","0","900142","False","85","3.68"
"b5774d46-bb48-4270-9678-05982bc665f2","316573","Birk - A9 (TANK 2)","10/05/2019 12:20 PM","23.7","23.7° C","100","23.7","0","900142","False","92","3.69"
"33edbcad-a97d-4f49-a8d9-680b133f528b","316573","Birk - A9 (TANK 2)","10/05/2019 10:20 AM","24.1","24.1° C","100","24.1","0","900142","False","94","3.66"
"8accf78e-8482-4243-8bfb-6b28d8e1b29f","316573","Birk - A9 (TANK 2)","10/05/2019 8:21 AM","24","24° C","100","24","0","900142","False","85","3.68"
"8ab71aca-781a-46fb-80a2-7c903c2eeb4b","316573","Birk - A9 (TANK 2)","10/05/2019 6:22 AM","23.7","23.7° C","100","23.7","0","900142","False","93","3.68"
"6fe3f762-e3e7-4cfc-87c4-7c0d8e8a7823","316573","Birk - A9 (TANK 2)","10/05/2019 4:23 AM","23.8","23.8° C","100","23.8","0","900142","False","86","3.67"
"42c3ea9d-9933-43c5-9c57-7ccf897995aa","316573","Birk - A9 (TANK 2)","10/05/2019 2:24 AM","24","24° C","100","24","0","900142","False","84","3.67"
"6c763e6d-0aad-4a3f-93f1-06d3a6b088fc","316573","Birk - A9 (TANK 2)","10/05/2019 12:25 AM","23.9","23.9° C","100","23.9","0","900142","False","90","3.67"
"b9b62450-f223-45f0-9706-1bc49b00e0a6","316573","Birk - A9 (TANK 2)","10/04/2019 10:26 PM","23.7","23.7° C","100","23.7","0","900142","False","92","3.69"
"88ec4914-29d7-43a5-bb51-3355611945ce","316573","Birk - A9 (TANK 2)","10/04/2019 8:27 PM","23.8","23.8° C","100","23.8","0","900142","False","85","3.68"
"1b4dede9-436a-4808-a992-3bca44f0f547","316573","Birk - A9 (TANK 2)","10/04/2019 6:28 PM","24.1","24.1° C","100","24.1","0","900142","False","92","3.67"
"b734f72f-2c8d-4acd-95e2-5e924f08c6d3","316573","Birk - A9 (TANK 2)","10/04/2019 4:29 PM","23.9","23.9° C","100","23.9","0","900142","False","100","3.68"
"effcf995-7a79-4a2a-8c61-827ffd109401","316573","Birk - A9 (TANK 2)","10/04/2019 2:30 PM","23.2","23.2° C","100","23.2","0","900142","False","94","3.69"
"264248c8-cf48-4e3d-90d9-ff9729f8d849","316573","Birk - A9 (TANK 2)","10/04/2019 12:30 PM","22.6","22.6° C","100","22.6","0","900142","False","100","3.69"
"abd935d5-a7f2-42a7-a96b-fcd7d948843f","316573","Birk - A9 (TANK 2)","10/04/2019 10:31 AM","22.6","22.6° C","100","22.6","0","900142","False","100","3.69"
"4ea5bcd7-5d7b-4cae-8097-d47821d2d41a","316573","Birk - A9 (TANK 2)","10/04/2019 8:32 AM","22.9","22.9° C","100","22.9","0","900142","False","85","3.69"
"af9d0209-3aad-4cac-bc79-2673e3f21873","316573","Birk - A9 (TANK 2)","10/04/2019 6:32 AM","22.5","22.5° C","100","22.5","0","900142","False","92","3.69"
"2098448d-dc7a-48a7-bb99-c7eaf9dc9277","316573","Birk - A9 (TANK 2)","10/04/2019 4:33 AM","22.8","22.8° C","100","22.8","0","900142","False","85","3.68"
"e8088685-ef39-413b-9e90-a30c7c65f28d","316573","Birk - A9 (TANK 2)","10/04/2019 2:34 AM","22.5","22.5° C","100","22.5","0","900142","False","86","3.68"
"7d8d81ba-2fb3-489e-9417-b6aee734f329","316573","Birk - A9 (TANK 2)","10/04/2019 12:35 AM","22.8","22.8° C","100","22.8","0","900142","False","88","3.67"
"af7aa5a8-3845-437c-b762-0a3ce5fb7b7e","316573","Birk - A9 (TANK 2)","10/03/2019 10:36 PM","22.5","22.5° C","100","22.5","0","900142","False","88","3.7"
"7def678b-50e3-4c76-af0b-78ad5ee68fe0","316573","Birk - A9 (TANK 2)","10/03/2019 8:37 PM","22.8","22.8° C","100","22.8","0","900142","False","85","3.69"
"e97d6ad1-2aa2-42c5-b162-1cd504014d35","316573","Birk - A9 (TANK 2)","10/03/2019 6:38 PM","22.5","22.5° C","100","22.5","0","900142","False","100","3.67"
"bdc5f57c-66f5-4bca-bd2f-b0bc07fa0712","316573","Birk - A9 (TANK 2)","10/03/2019 4:38 PM","22.9","22.9° C","100","22.9","0","900142","False","93","3.68"
"228e71aa-8f66-45bd-91d2-b86ca5ba2f5d","316573","Birk - A9 (TANK 2)","10/03/2019 2:39 PM","22.6","22.6° C","100","22.6","0","900142","False","86","3.67"
"268144b7-70fc-4a8a-b928-2379b91b77f6","316573","Birk - A9 (TANK 2)","10/03/2019 12:40 PM","22.9","22.9° C","100","22.9","0","900142","False","100","3.67"
"abf155cc-7a9c-4bb1-903d-5e678fe62638","316573","Birk - A9 (TANK 2)","10/03/2019 10:41 AM","22.5","22.5° C","100","22.5","0","900142","False","100","3.67"
"c975d355-241c-434b-9e1e-f27ded0efd0d","316573","Birk - A9 (TANK 2)","10/03/2019 8:41 AM","22.8","22.8° C","100","22.8","0","900142","False","93","3.69"
"006df50d-edc6-4666-ab5b-f9217876f6c6","316573","Birk - A9 (TANK 2)","10/03/2019 6:42 AM","22","22° C","100","22","0","900142","False","100","3.69"
"458791ca-265b-45cb-b135-ff3ea66bc449","316573","Birk - A9 (TANK 2)","10/03/2019 4:43 AM","22.1","22.1° C","100","22.1","0","900142","False","96","3.69"
"53771d6d-8376-4519-97b9-05fd8b8a87c9","316573","Birk - A9 (TANK 2)","10/03/2019 2:44 AM","21.8","21.8° C","100","21.8","0","900142","False","100","3.67"
"95e7f069-a220-4291-9ac7-7c62e95aab70","316573","Birk - A9 (TANK 2)","10/03/2019 12:45 AM","22.1","22.1° C","100","22.1","0","900142","False","98","3.68"
"6416db88-2ddd-42e5-b4c8-225335da011a","316573","Birk - A9 (TANK 2)","10/02/2019 10:46 PM","22.3","22.3° C","100","22.3","0","900142","False","100","3.68"
"f3f5aa2f-fa9f-432d-ba78-5028cd9aeebe","316573","Birk - A9 (TANK 2)","10/02/2019 8:47 PM","22","22° C","100","22","0","900142","False","100","3.69"
"82027983-38e2-4bf2-89ee-48b9ffce2ad4","316573","Birk - A9 (TANK 2)","10/02/2019 6:47 PM","21.9","21.9° C","100","21.9","0","900142","False","100","3.68"
"ba078834-2122-4002-8fda-64956bdc2a83","316573","Birk - A9 (TANK 2)","10/02/2019 4:49 PM","21.9","21.9° C","100","21.9","0","900142","False","97","3.68"
"8e534859-f013-4eb0-bc72-e3c66a6923d6","316573","Birk - A9 (TANK 2)","10/02/2019 2:49 PM","22","22° C","100","22","0","900142","False","84","3.67"
"226b9826-29b4-4b9e-b86e-aebfe59e86ba","316573","Birk - A9 (TANK 2)","10/02/2019 12:50 PM","22","22° C","100","22","0","900142","False","86","3.67"
"3f2a5754-be55-4591-8ba1-cb247b239cb1","316573","Birk - A9 (TANK 2)","10/02/2019 10:51 AM","22.3","22.3° C","100","22.3","0","900142","False","97","3.68"
"6fc5a433-953e-4c9c-aff3-10b24d99f5ba","316573","Birk - A9 (TANK 2)","10/02/2019 8:52 AM","22","22° C","100","22","0","900142","False","98","3.68"
"0247015f-486f-4cc4-8499-320a02199cb3","316573","Birk - A9 (TANK 2)","10/02/2019 6:53 AM","22.3","22.3° C","100","22.3","0","900142","False","81","3.68"
"002654f9-5654-4f31-bebc-5206e6dfd823","316573","Birk - A9 (TANK 2)","10/02/2019 4:54 AM","22.1","22.1° C","100","22.1","0","900142","False","85","3.66"
"d2ddf199-18c1-4579-8704-5351cf88d209","316573","Birk - A9 (TANK 2)","10/02/2019 2:55 AM","22.1","22.1° C","100","22.1","0","900142","False","89","3.68"
"0421a981-32b9-4db9-80ab-5fc1ef9d1c2f","316573","Birk - A9 (TANK 2)","10/02/2019 12:56 AM","22.3","22.3° C","100","22.3","0","900142","False","92","3.68"
"0313c178-14c2-4e40-86da-ee474d13d06e","316573","Birk - A9 (TANK 2)","10/01/2019 10:57 PM","22","22° C","100","22","0","900142","False","93","3.67"
"86925c67-6832-4135-b03d-a812b10b42ad","316573","Birk - A9 (TANK 2)","10/01/2019 8:58 PM","22.1","22.1° C","100","22.1","0","900142","False","97","3.69"
"cb2d859c-2b9d-4018-8747-ac61658cea21","316573","Birk - A9 (TANK 2)","10/01/2019 6:59 PM","22.3","22.3° C","100","22.3","0","900142","False","97","3.68"
"622c992d-76c4-4f32-b726-83a05073d690","316573","Birk - A9 (TANK 2)","10/01/2019 5:00 PM","22","22° C","100","22","0","900142","False","93","3.68"
"2e600ed9-8747-4e7f-85e3-c84db11e84e4","316573","Birk - A9 (TANK 2)","10/01/2019 3:01 PM","22.3","22.3° C","100","22.3","0","900142","False","97","3.69"
"f2ea1a0f-8f70-49f8-aae9-3311426ad187","316573","Birk - A9 (TANK 2)","10/01/2019 1:02 PM","22","22° C","100","22","0","900142","False","90","3.68"
"397c96ea-2575-4b9f-b8e7-1125fa21dfed","316573","Birk - A9 (TANK 2)","10/01/2019 11:03 AM","22.2","22.2° C","100","22.2","0","900142","False","86","3.69"
"7b1397f2-ab22-46a5-8d20-16b0daa54e9e","316573","Birk - A9 (TANK 2)","10/01/2019 9:04 AM","22","22° C","100","22","0","900142","False","96","3.69"
"0c2348ae-3d83-47bc-964b-fe3b87b3c941","316573","Birk - A9 (TANK 2)","10/01/2019 7:05 AM","22","22° C","100","22","0","900142","False","82","3.68"
"3b9fe094-9072-4c29-ad68-6d16a5b80907","316573","Birk - A9 (TANK 2)","10/01/2019 5:05 AM","22.2","22.2° C","100","22.2","0","900142","False","89","3.69"
"843599dc-15fb-4a03-955a-ed07f1e10d67","316573","Birk - A9 (TANK 2)","10/01/2019 3:06 AM","21.9","21.9° C","100","21.9","0","900142","False","92","3.68"
"b9d8da18-0225-43fd-990b-0fe54154a3d6","316573","Birk - A9 (TANK 2)","10/01/2019 1:08 AM","22.2","22.2° C","100","22.2","0","900142","False","88","3.67"
